{
  "nbformat": 4,
  "nbformat_minor": 0,
  "metadata": {
    "colab": {
      "provenance": []
    },
    "kernelspec": {
      "name": "python3",
      "display_name": "Python 3"
    },
    "language_info": {
      "name": "python"
    }
  },
  "cells": [
    {
      "cell_type": "markdown",
      "source": [
        "a = LU"
      ],
      "metadata": {
        "id": "IZRsFZTVzy9i"
      }
    },
    {
      "cell_type": "code",
      "execution_count": 3,
      "metadata": {
        "colab": {
          "base_uri": "https://localhost:8080/"
        },
        "id": "K5ZeH_FCvyZL",
        "outputId": "0332d924-e522-4c9f-adc1-1811b19a80d0"
      },
      "outputs": [
        {
          "output_type": "stream",
          "name": "stdout",
          "text": [
            "P (permutation):\n",
            " [[1. 0. 0.]\n",
            " [0. 0. 1.]\n",
            " [0. 1. 0.]]\n",
            "L (lower triangular):\n",
            " [[1.         0.         0.        ]\n",
            " [0.75       1.         0.        ]\n",
            " [0.5        0.11764706 1.        ]]\n",
            "U (upper triangular):\n",
            " [[ 4.          3.         -2.        ]\n",
            " [ 0.         -4.25        5.5       ]\n",
            " [ 0.          0.          1.35294118]]\n",
            "A == P @ L @ U:\n",
            " True\n"
          ]
        }
      ],
      "source": [
        "import numpy as np\n",
        "from scipy.linalg import lu\n",
        "\n",
        "A = np.array([[4, 3, -2], [2, 1, 1], [3, -2, 4]])\n",
        "\n",
        "# LU-разложение (с частичным выбором главного элемента)\n",
        "P, L, U = lu(A)  # P — матрица перестановок\n",
        "\n",
        "print(\"P (permutation):\\n\", P)\n",
        "print(\"L (lower triangular):\\n\", L)\n",
        "print(\"U (upper triangular):\\n\", U)\n",
        "\n",
        "# Проверка: A = P @ L @ U\n",
        "print(\"A == P @ L @ U:\\n\", np.allclose(A, P @ L @ U))"
      ]
    },
    {
      "cell_type": "markdown",
      "source": [
        "a = QR"
      ],
      "metadata": {
        "id": "nFGPswFWz_Ln"
      }
    },
    {
      "cell_type": "code",
      "source": [
        "import numpy as np\n",
        "\n",
        "A = np.array([[1, 2, 3], [4, 5, 6], [7, 8, 9]])\n",
        "\n",
        "# QR-разложение (метод Хаусхолдера)\n",
        "Q, R = np.linalg.qr(A)\n",
        "\n",
        "print(\"Q (orthogonal):\\n\", Q)\n",
        "print(\"R (upper triangular):\\n\", R)\n",
        "\n",
        "# Проверка: A = Q @ R\n",
        "print(\"A == Q @ R:\\n\", np.allclose(A, Q @ R))"
      ],
      "metadata": {
        "colab": {
          "base_uri": "https://localhost:8080/"
        },
        "id": "H880mGaFz86K",
        "outputId": "85c2afb6-af17-431f-e570-79241429ca3d"
      },
      "execution_count": 4,
      "outputs": [
        {
          "output_type": "stream",
          "name": "stdout",
          "text": [
            "Q (orthogonal):\n",
            " [[-0.12309149  0.90453403  0.40824829]\n",
            " [-0.49236596  0.30151134 -0.81649658]\n",
            " [-0.86164044 -0.30151134  0.40824829]]\n",
            "R (upper triangular):\n",
            " [[-8.12403840e+00 -9.60113630e+00 -1.10782342e+01]\n",
            " [ 0.00000000e+00  9.04534034e-01  1.80906807e+00]\n",
            " [ 0.00000000e+00  0.00000000e+00 -8.88178420e-16]]\n",
            "A == Q @ R:\n",
            " True\n"
          ]
        }
      ]
    },
    {
      "cell_type": "markdown",
      "source": [
        "A = LL^T"
      ],
      "metadata": {
        "id": "xeHYJuRwUpq6"
      }
    },
    {
      "cell_type": "code",
      "source": [
        "import numpy as np\n",
        "\n",
        "# Только для симметричных положительно определённых матриц!\n",
        "A = np.array([[4, 12, -16], [12, 37, -43], [-16, -43, 98]])\n",
        "\n",
        "# Разложение Холецкого: A = L @ L.T\n",
        "L = np.linalg.cholesky(A)\n",
        "\n",
        "print(\"L (lower triangular):\\n\", L)\n",
        "\n",
        "# Проверка: A == L @ L.T\n",
        "print(\"A == L @ L.T:\\n\", np.allclose(A, L @ L.T))"
      ],
      "metadata": {
        "id": "KSbRc-IFUxcJ",
        "outputId": "34d86072-652e-4086-9e5a-4103ab9cf3eb",
        "colab": {
          "base_uri": "https://localhost:8080/"
        }
      },
      "execution_count": 5,
      "outputs": [
        {
          "output_type": "stream",
          "name": "stdout",
          "text": [
            "L (lower triangular):\n",
            " [[ 2.  0.  0.]\n",
            " [ 6.  1.  0.]\n",
            " [-8.  5.  3.]]\n",
            "A == L @ L.T:\n",
            " True\n"
          ]
        }
      ]
    },
    {
      "cell_type": "markdown",
      "source": [
        "SVD"
      ],
      "metadata": {
        "id": "-JWRrzwE3vLi"
      }
    },
    {
      "cell_type": "code",
      "source": [
        "import numpy as np\n",
        "\n",
        "A = np.array([[1, 2, 3], [4, 5, 6], [7, 8, 9]])\n",
        "\n",
        "# SVD: A = U @ Σ @ V.T\n",
        "U, S, Vt = np.linalg.svd(A)\n",
        "\n",
        "# Σ возвращается как вектор, преобразуем в диагональную матрицу\n",
        "Sigma = np.zeros_like(A, dtype=float)\n",
        "Sigma[:len(S), :len(S)] = np.diag(S)\n",
        "\n",
        "print(\"U (left singular vectors):\\n\", U)\n",
        "print(\"Σ (singular values):\\n\", Sigma)\n",
        "print(\"Vt (right singular vectors, transposed):\\n\", Vt)\n",
        "\n",
        "# Проверка: A = U @ Σ @ Vt\n",
        "print(\"A == U @ Σ @ Vt:\\n\", np.allclose(A, U @ Sigma @ Vt))"
      ],
      "metadata": {
        "colab": {
          "base_uri": "https://localhost:8080/"
        },
        "id": "C1luM2Fo30nf",
        "outputId": "51177b4c-5aa0-4c4d-9d7a-6d039bf166b4"
      },
      "execution_count": 6,
      "outputs": [
        {
          "output_type": "stream",
          "name": "stdout",
          "text": [
            "U (left singular vectors):\n",
            " [[-0.21483724  0.88723069  0.40824829]\n",
            " [-0.52058739  0.24964395 -0.81649658]\n",
            " [-0.82633754 -0.38794278  0.40824829]]\n",
            "Σ (singular values):\n",
            " [[1.68481034e+01 0.00000000e+00 0.00000000e+00]\n",
            " [0.00000000e+00 1.06836951e+00 0.00000000e+00]\n",
            " [0.00000000e+00 0.00000000e+00 4.41842475e-16]]\n",
            "Vt (right singular vectors, transposed):\n",
            " [[-0.47967118 -0.57236779 -0.66506441]\n",
            " [-0.77669099 -0.07568647  0.62531805]\n",
            " [-0.40824829  0.81649658 -0.40824829]]\n",
            "A == U @ Σ @ Vt:\n",
            " True\n"
          ]
        }
      ]
    },
    {
      "cell_type": "markdown",
      "source": [
        "$$QTQ^{Q}$$"
      ],
      "metadata": {
        "id": "PAo3mboG38wZ"
      }
    },
    {
      "cell_type": "code",
      "source": [
        "import numpy as np\n",
        "from scipy.linalg import schur\n",
        "\n",
        "A = np.array([[1, 2, 3], [4, 5, 6], [7, 8, 9]])\n",
        "\n",
        "# Разложение Шура: A = Q @ T @ Q.T\n",
        "T, Q = schur(A)\n",
        "\n",
        "print(\"Q (unitary):\\n\", Q)\n",
        "print(\"T (quasi-upper triangular):\\n\", T)\n",
        "\n",
        "# Проверка: A = Q @ T @ Q.T\n",
        "print(\"A == Q @ T @ Q.T:\\n\", np.allclose(A, Q @ T @ Q.T))"
      ],
      "metadata": {
        "colab": {
          "base_uri": "https://localhost:8080/"
        },
        "id": "5GBnkNIN4Y6K",
        "outputId": "082d4edf-e967-4955-bb6a-bd19af49b7af"
      },
      "execution_count": 7,
      "outputs": [
        {
          "output_type": "stream",
          "name": "stdout",
          "text": [
            "Q (unitary):\n",
            " [[-0.23197069 -0.88290596  0.40824829]\n",
            " [-0.52532209 -0.23952042 -0.81649658]\n",
            " [-0.8186735   0.40386512  0.40824829]]\n",
            "T (quasi-upper triangular):\n",
            " [[ 1.61168440e+01  4.89897949e+00  1.58820582e-15]\n",
            " [ 0.00000000e+00 -1.11684397e+00 -1.11643184e-15]\n",
            " [ 0.00000000e+00  0.00000000e+00 -1.30367773e-15]]\n",
            "A == Q @ T @ Q.T:\n",
            " True\n"
          ]
        }
      ]
    },
    {
      "cell_type": "markdown",
      "source": [
        "полярное разложение"
      ],
      "metadata": {
        "id": "cWtIKZ0M4cbE"
      }
    },
    {
      "cell_type": "code",
      "source": [
        "import numpy as np\n",
        "\n",
        "A = np.array([[1, 2, 3], [4, 5, 6], [7, 8, 9]], dtype=float)\n",
        "\n",
        "# Вычисляем SVD: A = U Σ V^T\n",
        "U, S, Vt = np.linalg.svd(A)\n",
        "\n",
        "# P = V^T * Σ * V (эрмитова положительно полуопределённая матрица)\n",
        "P = (Vt.T * S) @ Vt  # Эквивалентно: Vt.T @ np.diag(S) @ Vt\n",
        "\n",
        "# U (унитарная матрица) = U * V^T\n",
        "U_polar = U @ Vt\n",
        "\n",
        "print(\"U (unitary):\\n\", U_polar)\n",
        "print(\"P (positive semi-definite):\\n\", P)\n",
        "\n",
        "# Проверка: A ≈ U @ P (из-за численных погрешностей используем allclose)\n",
        "print(\"A ≈ U @ P:\", np.allclose(A, U_polar @ P, atol=1e-10))"
      ],
      "metadata": {
        "colab": {
          "base_uri": "https://localhost:8080/"
        },
        "id": "6VLtG6Mx5wQ0",
        "outputId": "eaf3ad1e-2b65-44ab-de54-41c013337751"
      },
      "execution_count": 9,
      "outputs": [
        {
          "output_type": "stream",
          "name": "stdout",
          "text": [
            "U (unitary):\n",
            " [[-0.75271952  0.38914789  0.5310153 ]\n",
            " [ 0.38914789 -0.38759388  0.83566435]\n",
            " [ 0.5310153   0.83566435  0.1403134 ]]\n",
            "P (positive semi-definite):\n",
            " [[4.52097913 4.68842281 4.85586648]\n",
            " [4.68842281 5.52564116 6.36285952]\n",
            " [4.85586648 6.36285952 7.86985257]]\n",
            "A ≈ U @ P: True\n"
          ]
        }
      ]
    },
    {
      "cell_type": "markdown",
      "source": [
        "Жорданова нормальная форма"
      ],
      "metadata": {
        "id": "SBkPp86p43Y7"
      }
    },
    {
      "cell_type": "code",
      "source": [
        "from sympy import Matrix\n",
        "\n",
        "A = Matrix([[4, 1, -1], [0, 3, 0], [1, 0, 2]])\n",
        "\n",
        "# Жорданова форма: A = P @ J @ P⁻¹\n",
        "P, J = A.jordan_form()\n",
        "\n",
        "print(\"P (transition matrix):\\n\", P)\n",
        "print(\"J (Jordan form):\\n\", J)\n",
        "\n",
        "# Проверка: A == P @ J @ P⁻¹\n",
        "print(\"A == P @ J @ P⁻¹:\\n\", A == P @ J @ P.inv())"
      ],
      "metadata": {
        "id": "0gWOLzuX46Ec"
      },
      "execution_count": null,
      "outputs": []
    }
  ]
}